0.692307692308
0.615384615385
0.692307692308
0.615384615385
0.576923076923
0.5
0.730769230769
0.5
0.576923076923
0.653846153846
0.538461538462
0.576923076923
0.615384615385
0.653846153846
0.730769230769
0.653846153846
0.730769230769
0.692307692308
0.653846153846
0.807692307692
0.734693877551
0.734693877551
0.734693877551
0.734693877551
0.571428571429
1.0
0.571428571429
0.571428571429
1.0
0.571428571429
0.571428571429
0.571428571429
0.447058823529
0.441860465116
0.447058823529
0.494117647059
0.395348837209
0.470588235294
0.372093023256
0.470588235294
0.418604651163
0.348837209302
0.367816091954
0.436781609195
0.390804597701
0.441860465116
0.390804597701
0.344827586207
0.517647058824
0.4
0.447058823529
0.447058823529
0.647058823529
0.529411764706
0.588235294118
0.558823529412
0.463768115942
0.617647058824
0.529411764706
0.588235294118
0.529411764706
0.735294117647
0.558823529412
0.647058823529
0.405797101449
0.441176470588
0.794117647059
0.529411764706
0.558823529412
0.647058823529
0.405797101449
0.608695652174
0.740740740741
0.526315789474
0.666666666667
0.631578947368
0.631578947368
0.690909090909
0.631578947368
0.714285714286
0.535714285714
0.701754385965
0.678571428571
0.618181818182
0.607142857143
0.607142857143
0.642857142857
0.586206896552
0.642857142857
0.678571428571
0.571428571429
0.561403508772
0.533333333333
0.8
0.6
0.466666666667
0.466666666667
0.4
0.466666666667
0.466666666667
0.466666666667
0.733333333333
0.533333333333
0.733333333333
0.533333333333
0.533333333333
0.266666666667
0.266666666667
0.266666666667
0.266666666667
0.333333333333
0.333333333333
0.794117647059
0.63768115942
0.63768115942
0.794117647059
0.579710144928
0.714285714286
0.608695652174
0.794117647059
0.63768115942
0.63768115942
0.753623188406
0.571428571429
0.485714285714
0.705882352941
0.550724637681
0.753623188406
0.514285714286
0.579710144928
0.550724637681
0.579710144928
0.695652173913
0.652173913043
0.652173913043
0.608695652174
0.695652173913
0.695652173913
0.652173913043
0.652173913043
0.652173913043
0.608695652174
0.6
0.466666666667
0.466666666667
0.48275862069
0.333333333333
0.466666666667
0.333333333333
0.533333333333
0.551724137931
0.5
0.266666666667
0.266666666667
0.6
0.466666666667
0.275862068966
0.214285714286
0.466666666667
0.533333333333
0.551724137931
0.48275862069
0.75
0.8125
0.9375
0.492307692308
0.430769230769
0.307692307692
0.246153846154
0.333333333333
0.307692307692
0.276923076923
0.30303030303
0.276923076923
0.272727272727
0.272727272727
0.272727272727
0.272727272727
0.276923076923
0.30303030303
0.30303030303
0.272727272727
0.272727272727
0.272727272727
0.272727272727
0.407407407407
0.444444444444
0.407407407407
0.444444444444
0.444444444444
0.407407407407
0.296296296296
0.296296296296
0.296296296296
0.333333333333
0.333333333333
0.333333333333
0.407407407407
0.296296296296
0.296296296296
0.296296296296
0.333333333333
0.333333333333
0.333333333333
0.407407407407
0.709677419355
0.709677419355
0.933333333333
0.666666666667
0.666666666667
0.896551724138
0.689655172414
0.714285714286
0.709677419355
0.709677419355
0.933333333333
0.6
0.666666666667
0.666666666667
0.666666666667
0.620689655172
0.689655172414
0.714285714286
0.666666666667
0.620689655172
0.790697674419
0.651162790698
0.736842105263
0.631578947368
0.578947368421
0.578947368421
0.631578947368
0.631578947368
0.684210526316
0.473684210526
0.684210526316
0.684210526316
0.473684210526
0.578947368421
0.578947368421
0.578947368421
0.578947368421
0.631578947368
0.631578947368
0.473684210526
0.631578947368
0.473684210526
0.684210526316
0.684210526316
0.526315789474
0.526315789474
0.486486486486
0.684210526316
0.684210526316
0.684210526316
0.684210526316
0.526315789474
0.27027027027
0.324324324324
0.486486486486
0.486486486486
0.684210526316
0.324324324324
0.526315789474
0.526315789474
0.526315789474
0.222222222222
0.622222222222
0.533333333333
0.533333333333
0.444444444444
0.622222222222
0.409090909091
0.5
0.727272727273
0.545454545455
0.695652173913
0.434782608696
0.695652173913
0.577777777778
0.622222222222
0.739130434783
0.5
0.727272727273
0.590909090909
0.636363636364
0.409090909091
0.551724137931
0.551724137931
0.71186440678
0.71186440678
0.677966101695
0.677966101695
0.586206896552
0.48275862069
0.610169491525
0.551724137931
0.677966101695
0.586206896552
0.551724137931
0.51724137931
0.586206896552
0.71186440678
0.551724137931
0.551724137931
0.64406779661
0.610169491525
0.666666666667
0.666666666667
0.933333333333
0.866666666667
0.866666666667
0.545454545455
0.590909090909
0.545454545455
0.454545454545
0.454545454545
0.409090909091
0.409090909091
0.355555555556
0.311111111111
0.311111111111
0.311111111111
0.311111111111
0.363636363636
0.363636363636
0.227272727273
0.227272727273
0.181818181818
0.133333333333
0.133333333333
0.133333333333
0.838709677419
0.592592592593
0.592592592593
0.785714285714
0.571428571429
0.785714285714
0.37037037037
0.37037037037
0.571428571429
0.785714285714
0.37037037037
0.592592592593
0.37037037037
0.428571428571
0.642857142857
0.444444444444
0.37037037037
0.571428571429
0.428571428571
0.5
0.428571428571
0.690909090909
0.777777777778
0.777777777778
0.727272727273
0.830188679245
0.690909090909
0.807692307692
0.740740740741
0.740740740741
0.690909090909
0.690909090909
0.690909090909
0.654545454545
0.654545454545
0.703703703704
0.740740740741
0.690909090909
0.654545454545
0.792452830189
0.769230769231
0.615384615385
0.589743589744
0.481012658228
0.512820512821
0.506329113924
0.435897435897
0.487179487179
0.564102564103
0.487179487179
0.455696202532
0.435897435897
0.512820512821
0.512820512821
0.538461538462
0.455696202532
0.487179487179
0.384615384615
0.333333333333
0.455696202532
0.455696202532
0.575342465753
0.520547945205
0.450704225352
0.527777777778
0.388888888889
0.472222222222
0.5
0.5
0.472222222222
0.416666666667
0.465753424658
0.520547945205
0.444444444444
0.333333333333
0.41095890411
0.383561643836
0.338028169014
0.394366197183
0.338028169014
0.394366197183
0.458333333333
0.448979591837
0.408163265306
0.375
0.571428571429
0.408163265306
0.489795918367
0.367346938776
0.416666666667
0.408163265306
0.333333333333
0.326530612245
0.326530612245
0.375
0.367346938776
0.408163265306
0.367346938776
0.530612244898
0.458333333333
0.285714285714
0.571428571429
0.571428571429
0.65306122449
0.571428571429
0.571428571429
0.571428571429
0.65306122449
0.571428571429
0.571428571429
0.69387755102
0.69387755102
0.65306122449
0.612244897959
0.65306122449
0.612244897959
0.612244897959
0.571428571429
0.612244897959
0.571428571429
0.612244897959
0.8
0.8
0.666666666667
0.716049382716
0.691358024691
0.716049382716
0.716049382716
0.765432098765
0.716049382716
0.75
0.716049382716
0.716049382716
0.609756097561
0.585365853659
0.666666666667
0.691358024691
0.475
0.716049382716
0.617283950617
0.6
0.388888888889
0.771084337349
0.746987951807
0.642857142857
0.650602409639
0.650602409639
0.626506024096
0.714285714286
0.738095238095
0.642857142857
0.642857142857
0.650602409639
0.517647058824
0.619047619048
0.619047619048
0.619047619048
0.547619047619
0.738095238095
0.746987951807
0.626506024096
0.635294117647
0.585365853659
0.634146341463
0.634146341463
0.731707317073
0.536585365854
0.634146341463
